6.211987399999999937e+00 -7.555678210000000661e+01
6.230116999999999905e+00 -7.556332700000000102e+01
6.230116999999999905e+00 -7.556332700000000102e+01
6.211987399999999937e+00 -7.555678210000000661e+01
6.301796999999999649e+00 -7.555329899999999554e+01
6.301796999999999649e+00 -7.555329899999999554e+01
6.194539999999999935e+00 -7.556752299999999423e+01
6.251004400000000238e+00 -7.556378940000000455e+01
6.253075199999999612e+00 -7.557861590000000263e+01
6.248390999999999806e+00 -7.559124500000000069e+01
6.301796999999999649e+00 -7.555329899999999554e+01
6.209285500000000013e+00 -7.556703450000000544e+01
6.301796999999999649e+00 -7.555329899999999554e+01
6.251004400000000238e+00 -7.556378940000000455e+01
6.194539999999999935e+00 -7.556752299999999423e+01
6.194539999999999935e+00 -7.556752299999999423e+01
6.250722999999999807e+00 -7.558407599999999604e+01
6.218749899999999720e+00 -7.558696740000000602e+01
6.211987399999999937e+00 -7.555678210000000661e+01
6.248390999999999806e+00 -7.559124500000000069e+01
6.301796999999999649e+00 -7.555329899999999554e+01
6.220481999999999623e+00 -7.556636500000000467e+01
6.234856299999999685e+00 -7.558738130000000410e+01
6.211987399999999937e+00 -7.555678210000000661e+01
6.301796999999999649e+00 -7.555329899999999554e+01
6.251004400000000238e+00 -7.556378940000000455e+01
6.301796999999999649e+00 -7.555329899999999554e+01
6.194539999999999935e+00 -7.556752299999999423e+01
6.250722999999999807e+00 -7.558407599999999604e+01
6.301796999999999649e+00 -7.555329899999999554e+01
6.252149000000000179e+00 -7.557528899999999794e+01
6.296537999999999968e+00 -7.556886500000000240e+01
6.230116999999999905e+00 -7.556332700000000102e+01
6.260958399999999813e+00 -7.556699020000000644e+01
6.211987399999999937e+00 -7.555678210000000661e+01
6.210327000000000375e+00 -7.560378799999999444e+01
6.211987399999999937e+00 -7.555678210000000661e+01
6.252062399999999798e+00 -7.558212269999999933e+01
6.254283000000000037e+00 -7.556038700000000574e+01
6.211987399999999937e+00 -7.555678210000000661e+01
6.296537999999999968e+00 -7.556886500000000240e+01
6.252062399999999798e+00 -7.558212269999999933e+01
6.194539999999999935e+00 -7.556752299999999423e+01
6.254742000000000246e+00 -7.555599999999999739e+01
6.188513999999999626e+00 -7.556078599999999312e+01
6.230116999999999905e+00 -7.556332700000000102e+01
6.294370999999999938e+00 -7.554042599999999652e+01
6.277394000000000140e+00 -7.560550399999999627e+01
6.245797999999999739e+00 -7.561163799999999924e+01
6.211987399999999937e+00 -7.555678210000000661e+01
6.239855999999999625e+00 -7.557390300000000138e+01
6.239855999999999625e+00 -7.557390300000000138e+01
6.211987399999999937e+00 -7.555678210000000661e+01
6.194539999999999935e+00 -7.556752299999999423e+01
6.234856299999999685e+00 -7.558738130000000410e+01
6.242820000000000036e+00 -7.555426699999999585e+01
6.259036000000000044e+00 -7.555584100000000092e+01
6.301796999999999649e+00 -7.555329899999999554e+01
6.301796999999999649e+00 -7.555329899999999554e+01
6.301796999999999649e+00 -7.555329899999999554e+01
6.301796999999999649e+00 -7.555329899999999554e+01
6.253075199999999612e+00 -7.557861590000000263e+01
6.194539999999999935e+00 -7.556752299999999423e+01
6.252062399999999798e+00 -7.558212269999999933e+01
6.209285500000000013e+00 -7.556703450000000544e+01
6.245797999999999739e+00 -7.561163799999999924e+01
6.266859000000000179e+00 -7.556125400000000525e+01
6.283849000000000018e+00 -7.555920199999999909e+01
6.245797999999999739e+00 -7.561163799999999924e+01
6.211987399999999937e+00 -7.555678210000000661e+01
6.221098600000000367e+00 -7.560625969999999541e+01
6.211987399999999937e+00 -7.555678210000000661e+01
6.301796999999999649e+00 -7.555329899999999554e+01
6.251004400000000238e+00 -7.556378940000000455e+01
6.253075199999999612e+00 -7.557861590000000263e+01
6.211987399999999937e+00 -7.555678210000000661e+01
6.301796999999999649e+00 -7.555329899999999554e+01
6.251004400000000238e+00 -7.556378940000000455e+01
6.234856299999999685e+00 -7.558738130000000410e+01
6.253075199999999612e+00 -7.557861590000000263e+01
6.239855999999999625e+00 -7.557390300000000138e+01
6.252062399999999798e+00 -7.558212269999999933e+01
6.252062399999999798e+00 -7.558212269999999933e+01
6.211987399999999937e+00 -7.555678210000000661e+01
6.239644000000000190e+00 -7.558350299999999322e+01
6.252149000000000179e+00 -7.557528899999999794e+01
6.251004400000000238e+00 -7.556378940000000455e+01
6.252149000000000179e+00 -7.557528899999999794e+01
6.252062399999999798e+00 -7.558212269999999933e+01
6.221098600000000367e+00 -7.560625969999999541e+01
6.194539999999999935e+00 -7.556752299999999423e+01
6.239855999999999625e+00 -7.557390300000000138e+01
6.301796999999999649e+00 -7.555329899999999554e+01
6.301796999999999649e+00 -7.555329899999999554e+01
6.301796999999999649e+00 -7.555329899999999554e+01
6.253075199999999612e+00 -7.557861590000000263e+01
6.211987399999999937e+00 -7.555678210000000661e+01
6.250575999999999688e+00 -7.562053600000000131e+01
6.209285500000000013e+00 -7.556703450000000544e+01
6.241629900000000397e+00 -7.559446810000000028e+01
6.252062399999999798e+00 -7.558212269999999933e+01
6.211987399999999937e+00 -7.555678210000000661e+01
6.230116999999999905e+00 -7.556332700000000102e+01
6.252149000000000179e+00 -7.557528899999999794e+01
6.251004400000000238e+00 -7.556378940000000455e+01
6.218749899999999720e+00 -7.558696740000000602e+01
6.289663000000000004e+00 -7.555170900000000245e+01
6.308812999999999782e+00 -7.555312600000000600e+01
6.301796999999999649e+00 -7.555329899999999554e+01
6.210327000000000375e+00 -7.560378799999999444e+01
6.239855999999999625e+00 -7.557390300000000138e+01
6.211987399999999937e+00 -7.555678210000000661e+01
6.211987399999999937e+00 -7.555678210000000661e+01
6.301796999999999649e+00 -7.555329899999999554e+01
6.254742000000000246e+00 -7.555599999999999739e+01
6.210327000000000375e+00 -7.560378799999999444e+01
6.211987399999999937e+00 -7.555678210000000661e+01
6.236102699999999999e+00 -7.558879890000000046e+01
6.301796999999999649e+00 -7.555329899999999554e+01
6.211987399999999937e+00 -7.555678210000000661e+01
6.221098600000000367e+00 -7.560625969999999541e+01
6.211987399999999937e+00 -7.555678210000000661e+01
6.301796999999999649e+00 -7.555329899999999554e+01
6.211987399999999937e+00 -7.555678210000000661e+01
6.211987399999999937e+00 -7.555678210000000661e+01
6.251004400000000238e+00 -7.556378940000000455e+01
6.194539999999999935e+00 -7.556752299999999423e+01
6.251004400000000238e+00 -7.556378940000000455e+01
6.267469000000000179e+00 -7.558379200000000253e+01
6.250722999999999807e+00 -7.558407599999999604e+01
6.252062399999999798e+00 -7.558212269999999933e+01
6.252149000000000179e+00 -7.557528899999999794e+01
6.301796999999999649e+00 -7.555329899999999554e+01
6.252149000000000179e+00 -7.557528899999999794e+01
6.194539999999999935e+00 -7.556752299999999423e+01
6.214675999999999867e+00 -7.556179699999999855e+01
6.301796999999999649e+00 -7.555329899999999554e+01
6.252062399999999798e+00 -7.558212269999999933e+01
6.301796999999999649e+00 -7.555329899999999554e+01
6.253075199999999612e+00 -7.557861590000000263e+01
6.210327000000000375e+00 -7.560378799999999444e+01
6.211987399999999937e+00 -7.555678210000000661e+01
6.211987399999999937e+00 -7.555678210000000661e+01
6.301796999999999649e+00 -7.555329899999999554e+01
6.301796999999999649e+00 -7.555329899999999554e+01
6.251731699999999670e+00 -7.556895559999999534e+01
6.301796999999999649e+00 -7.555329899999999554e+01
6.211987399999999937e+00 -7.555678210000000661e+01
6.239855999999999625e+00 -7.557390300000000138e+01
6.301796999999999649e+00 -7.555329899999999554e+01
6.211987399999999937e+00 -7.555678210000000661e+01
6.278110999999999997e+00 -7.554463699999999449e+01
6.253075199999999612e+00 -7.557861590000000263e+01
6.221098600000000367e+00 -7.560625969999999541e+01
6.301796999999999649e+00 -7.555329899999999554e+01
6.252062399999999798e+00 -7.558212269999999933e+01
6.301796999999999649e+00 -7.555329899999999554e+01
6.214675999999999867e+00 -7.556179699999999855e+01
6.250722999999999807e+00 -7.558407599999999604e+01
6.252062399999999798e+00 -7.558212269999999933e+01
6.301796999999999649e+00 -7.555329899999999554e+01
6.221098600000000367e+00 -7.560625969999999541e+01
6.260958399999999813e+00 -7.556699020000000644e+01
6.221098600000000367e+00 -7.560625969999999541e+01
6.301796999999999649e+00 -7.555329899999999554e+01
6.253075199999999612e+00 -7.557861590000000263e+01
6.194539999999999935e+00 -7.556752299999999423e+01
6.194539999999999935e+00 -7.556752299999999423e+01
6.301796999999999649e+00 -7.555329899999999554e+01
6.252062399999999798e+00 -7.558212269999999933e+01
6.211987399999999937e+00 -7.555678210000000661e+01
6.194539999999999935e+00 -7.556752299999999423e+01
6.204189399999999743e+00 -7.557817679999999427e+01
6.241629900000000397e+00 -7.559446810000000028e+01
6.234856299999999685e+00 -7.558738130000000410e+01
6.230116999999999905e+00 -7.556332700000000102e+01
6.250722999999999807e+00 -7.558407599999999604e+01
6.251004400000000238e+00 -7.556378940000000455e+01
6.251004400000000238e+00 -7.556378940000000455e+01
6.267469000000000179e+00 -7.558379200000000253e+01
6.211987399999999937e+00 -7.555678210000000661e+01
6.253075199999999612e+00 -7.557861590000000263e+01
6.253075199999999612e+00 -7.557861590000000263e+01
6.239855999999999625e+00 -7.557390300000000138e+01
6.266859000000000179e+00 -7.556125400000000525e+01
6.245797999999999739e+00 -7.561163799999999924e+01
6.230116999999999905e+00 -7.556332700000000102e+01
6.301796999999999649e+00 -7.555329899999999554e+01
6.234856299999999685e+00 -7.558738130000000410e+01
6.220870999999999817e+00 -7.559586799999999585e+01
6.220870999999999817e+00 -7.559586799999999585e+01
6.211987399999999937e+00 -7.555678210000000661e+01
6.301796999999999649e+00 -7.555329899999999554e+01
6.250722999999999807e+00 -7.558407599999999604e+01
6.285383999999999638e+00 -7.558762400000000525e+01
6.211987399999999937e+00 -7.555678210000000661e+01
6.251004400000000238e+00 -7.556378940000000455e+01
6.230116999999999905e+00 -7.556332700000000102e+01
6.239855999999999625e+00 -7.557390300000000138e+01
6.251004400000000238e+00 -7.556378940000000455e+01
6.301796999999999649e+00 -7.555329899999999554e+01
6.251004400000000238e+00 -7.556378940000000455e+01
6.210327000000000375e+00 -7.560378799999999444e+01
6.245797999999999739e+00 -7.561163799999999924e+01
6.267469000000000179e+00 -7.558379200000000253e+01
6.278110999999999997e+00 -7.554463699999999449e+01
6.252062399999999798e+00 -7.558212269999999933e+01
6.301796999999999649e+00 -7.555329899999999554e+01
6.211987399999999937e+00 -7.555678210000000661e+01
6.255930900000000072e+00 -7.556325270000000671e+01
6.239855999999999625e+00 -7.557390300000000138e+01
6.218749899999999720e+00 -7.558696740000000602e+01
6.301796999999999649e+00 -7.555329899999999554e+01
6.250722999999999807e+00 -7.558407599999999604e+01
6.301796999999999649e+00 -7.555329899999999554e+01
6.211987399999999937e+00 -7.555678210000000661e+01
6.301796999999999649e+00 -7.555329899999999554e+01
6.253075199999999612e+00 -7.557861590000000263e+01
6.245797999999999739e+00 -7.561163799999999924e+01
6.252149000000000179e+00 -7.557528899999999794e+01
6.250722999999999807e+00 -7.558407599999999604e+01
6.239855999999999625e+00 -7.557390300000000138e+01
6.267469000000000179e+00 -7.558379200000000253e+01
6.239855999999999625e+00 -7.557390300000000138e+01
6.245797999999999739e+00 -7.561163799999999924e+01
6.220870999999999817e+00 -7.559586799999999585e+01
6.266859000000000179e+00 -7.556125400000000525e+01
6.250722999999999807e+00 -7.558407599999999604e+01
6.301796999999999649e+00 -7.555329899999999554e+01
6.267469000000000179e+00 -7.558379200000000253e+01
6.211987399999999937e+00 -7.555678210000000661e+01
6.211987399999999937e+00 -7.555678210000000661e+01
6.216384999999999827e+00 -7.558543299999999476e+01
6.191671099999999761e+00 -7.556842539999999531e+01
6.211987399999999937e+00 -7.555678210000000661e+01
6.194539999999999935e+00 -7.556752299999999423e+01
6.239855999999999625e+00 -7.557390300000000138e+01
6.301796999999999649e+00 -7.555329899999999554e+01
6.250722999999999807e+00 -7.558407599999999604e+01
6.211987399999999937e+00 -7.555678210000000661e+01
6.194539999999999935e+00 -7.556752299999999423e+01
6.194539999999999935e+00 -7.556752299999999423e+01
6.301796999999999649e+00 -7.555329899999999554e+01
6.301796999999999649e+00 -7.555329899999999554e+01
6.239855999999999625e+00 -7.557390300000000138e+01
6.301796999999999649e+00 -7.555329899999999554e+01
6.194539999999999935e+00 -7.556752299999999423e+01
6.239855999999999625e+00 -7.557390300000000138e+01
6.239855999999999625e+00 -7.557390300000000138e+01
6.211987399999999937e+00 -7.555678210000000661e+01
6.245797999999999739e+00 -7.561163799999999924e+01
6.245797999999999739e+00 -7.561163799999999924e+01
6.210327000000000375e+00 -7.560378799999999444e+01
6.214524499999999563e+00 -7.556948060000000567e+01
6.245797999999999739e+00 -7.561163799999999924e+01
6.194539999999999935e+00 -7.556752299999999423e+01
6.304380899999999954e+00 -7.554657779999999434e+01
6.211987399999999937e+00 -7.555678210000000661e+01
6.211987399999999937e+00 -7.555678210000000661e+01
6.220870999999999817e+00 -7.559586799999999585e+01
6.285383999999999638e+00 -7.558762400000000525e+01
6.267469000000000179e+00 -7.558379200000000253e+01
6.251004400000000238e+00 -7.556378940000000455e+01
6.194539999999999935e+00 -7.556752299999999423e+01
6.251004400000000238e+00 -7.556378940000000455e+01
6.211987399999999937e+00 -7.555678210000000661e+01
6.214524499999999563e+00 -7.556948060000000567e+01
6.301796999999999649e+00 -7.555329899999999554e+01
6.230116999999999905e+00 -7.556332700000000102e+01
6.211987399999999937e+00 -7.555678210000000661e+01
6.252062399999999798e+00 -7.558212269999999933e+01
6.301796999999999649e+00 -7.555329899999999554e+01
6.296537999999999968e+00 -7.556886500000000240e+01
6.230116999999999905e+00 -7.556332700000000102e+01
6.241629900000000397e+00 -7.559446810000000028e+01
6.301796999999999649e+00 -7.555329899999999554e+01
6.301796999999999649e+00 -7.555329899999999554e+01
6.267469000000000179e+00 -7.558379200000000253e+01
6.295481999999999800e+00 -7.557087599999999838e+01
6.301796999999999649e+00 -7.555329899999999554e+01
6.277394000000000140e+00 -7.560550399999999627e+01
6.250722999999999807e+00 -7.558407599999999604e+01
6.211987399999999937e+00 -7.555678210000000661e+01
6.217537400000000325e+00 -7.558611510000000067e+01
6.262260000000000382e+00 -7.556821399999999755e+01
6.242966400000000249e+00 -7.557754780000000494e+01
6.277622000000000035e+00 -7.558307800000000043e+01
6.301796999999999649e+00 -7.555329899999999554e+01
6.277394000000000140e+00 -7.560550399999999627e+01
6.277622000000000035e+00 -7.558307800000000043e+01
6.283849000000000018e+00 -7.555920199999999909e+01
6.294370999999999938e+00 -7.554042599999999652e+01
6.194539999999999935e+00 -7.556752299999999423e+01
6.267469000000000179e+00 -7.558379200000000253e+01
6.217537400000000325e+00 -7.558611510000000067e+01
6.239855999999999625e+00 -7.557390300000000138e+01
6.250722999999999807e+00 -7.558407599999999604e+01
6.301796999999999649e+00 -7.555329899999999554e+01
6.304380899999999954e+00 -7.554657779999999434e+01
6.218749899999999720e+00 -7.558696740000000602e+01
6.301224999999999632e+00 -7.558240299999999934e+01
6.210327000000000375e+00 -7.560378799999999444e+01
6.252062399999999798e+00 -7.558212269999999933e+01
6.252149000000000179e+00 -7.557528899999999794e+01
6.301796999999999649e+00 -7.555329899999999554e+01
6.239855999999999625e+00 -7.557390300000000138e+01
6.301224999999999632e+00 -7.558240299999999934e+01
6.211987399999999937e+00 -7.555678210000000661e+01
6.278138000000000218e+00 -7.555569199999999341e+01
6.194539999999999935e+00 -7.556752299999999423e+01
6.221098600000000367e+00 -7.560625969999999541e+01
6.211987399999999937e+00 -7.555678210000000661e+01
6.194539999999999935e+00 -7.556752299999999423e+01
6.211987399999999937e+00 -7.555678210000000661e+01
6.260958399999999813e+00 -7.556699020000000644e+01
6.239855999999999625e+00 -7.557390300000000138e+01
6.220870999999999817e+00 -7.559586799999999585e+01
6.230116999999999905e+00 -7.556332700000000102e+01
6.278110999999999997e+00 -7.554463699999999449e+01
6.211987399999999937e+00 -7.555678210000000661e+01
6.214524499999999563e+00 -7.556948060000000567e+01
6.301796999999999649e+00 -7.555329899999999554e+01
6.266859000000000179e+00 -7.556125400000000525e+01
6.301796999999999649e+00 -7.555329899999999554e+01
6.211987399999999937e+00 -7.555678210000000661e+01
6.234856299999999685e+00 -7.558738130000000410e+01
6.301796999999999649e+00 -7.555329899999999554e+01
6.194539999999999935e+00 -7.556752299999999423e+01
6.301796999999999649e+00 -7.555329899999999554e+01
6.277394000000000140e+00 -7.560550399999999627e+01
6.211987399999999937e+00 -7.555678210000000661e+01
6.211987399999999937e+00 -7.555678210000000661e+01
6.301796999999999649e+00 -7.555329899999999554e+01
6.211987399999999937e+00 -7.555678210000000661e+01
6.239855999999999625e+00 -7.557390300000000138e+01
6.221098600000000367e+00 -7.560625969999999541e+01
6.194539999999999935e+00 -7.556752299999999423e+01
6.194539999999999935e+00 -7.556752299999999423e+01
6.301796999999999649e+00 -7.555329899999999554e+01
6.211987399999999937e+00 -7.555678210000000661e+01
6.304380899999999954e+00 -7.554657779999999434e+01
6.252149000000000179e+00 -7.557528899999999794e+01
6.218749899999999720e+00 -7.558696740000000602e+01
6.218749899999999720e+00 -7.558696740000000602e+01
6.191671099999999761e+00 -7.556842539999999531e+01
6.252062399999999798e+00 -7.558212269999999933e+01
6.220870999999999817e+00 -7.559586799999999585e+01
6.283892999999999951e+00 -7.558166500000000099e+01
6.194539999999999935e+00 -7.556752299999999423e+01
6.301796999999999649e+00 -7.555329899999999554e+01
6.239855999999999625e+00 -7.557390300000000138e+01
6.267469000000000179e+00 -7.558379200000000253e+01
6.245797999999999739e+00 -7.561163799999999924e+01
6.252062399999999798e+00 -7.558212269999999933e+01
6.277394000000000140e+00 -7.560550399999999627e+01
6.211987399999999937e+00 -7.555678210000000661e+01
6.210327000000000375e+00 -7.560378799999999444e+01
6.252149000000000179e+00 -7.557528899999999794e+01
6.211987399999999937e+00 -7.555678210000000661e+01
6.242820000000000036e+00 -7.555426699999999585e+01
6.218749899999999720e+00 -7.558696740000000602e+01
6.251004400000000238e+00 -7.556378940000000455e+01
6.239855999999999625e+00 -7.557390300000000138e+01
6.239855999999999625e+00 -7.557390300000000138e+01
6.210327000000000375e+00 -7.560378799999999444e+01
